color [6] [255, 255, 255, 255] 
color [7] [255, 255, 255, 255] 
color [8] [255, 255, 255, 255] 
color [12] [255, 255, 255, 255] 
color [15] [255, 255, 255, 255] 
color [19] [255, 255, 255, 255] 
color [21] [255, 255, 255, 255] 
color [22] [255, 255, 255, 255] 
color [23] [255, 255, 255, 255] 
color [24] [255, 255, 255, 255] 
color [30] [255, 255, 255, 255] 
color [31] [255, 255, 255, 255] 
color [32] [253, 253, 253, 255] 
color [34] [254, 254, 254, 255] 
color [39] [255, 255, 255, 255] 
color [41] [255, 255, 255, 255] 
color [43] [0, 0, 0, 255] 
color [45] [255, 255, 255, 255] 
color [47] [246, 246, 246, 255] 
color [50] [255, 255, 255, 255] 
color [51] [255, 255, 255, 255] 
color [53] [0, 0, 0, 255] 
color [54] [0, 0, 0, 255] 
color [55] [255, 255, 255, 255] 
color [57] [255, 255, 255, 255] 
color [59] [255, 255, 255, 255] 
color [60] [255, 255, 255, 255] 
color [61] [254, 254, 254, 255] 
color [64] [0, 0, 0, 255] 
color [65] [0, 0, 0, 255] 
color [66] [255, 255, 255, 255] 
color [67] [255, 255, 255, 255] 
color [68] [255, 255, 255, 255] 
color [69] [255, 255, 255, 255] 
color [71] [255, 255, 255, 255] 
color [73] [255, 255, 255, 255] 
color [76] [255, 255, 255, 255] 
color [78] [255, 255, 255, 255] 
color [79] [255, 255, 255, 255] 
color [80] [255, 255, 255, 255] 
color [81] [255, 255, 255, 255] 
color [86] [255, 255, 255, 255] 
color [92] [255, 255, 255, 255] 
color [95] [255, 255, 255, 255] 
color [96] [255, 255, 255, 255] 
color [97] [255, 255, 255, 255] 
color [98] [255, 255, 255, 255] 
