color [0] [255, 255, 255, 255] 
color [1] [255, 255, 255, 255] 
color [2] [255, 255, 255, 255] 
color [3] [255, 255, 255, 255] 
color [4] [255, 255, 255, 255] 
color [5] [255, 255, 255, 255] 
color [6] [255, 255, 255, 255] 
color [7] [255, 255, 255, 255] 
color [8] [255, 255, 255, 255] 
color [9] [255, 255, 255, 255] 
color [10] [255, 255, 255, 255] 
color [11] [255, 255, 255, 255] 
color [12] [255, 255, 255, 255] 
color [13] [255, 255, 255, 255] 
color [14] [255, 255, 255, 255] 
color [15] [255, 255, 255, 255] 
color [16] [255, 255, 255, 255] 
color [17] [255, 255, 255, 255] 
color [18] [255, 255, 255, 255] 
color [19] [255, 255, 255, 255] 
color [20] [255, 255, 255, 255] 
color [21] [255, 255, 255, 255] 
color [22] [255, 255, 255, 255] 
color [23] [255, 255, 255, 255] 
color [24] [255, 255, 255, 255] 
color [25] [255, 255, 255, 255] 
color [26] [255, 255, 255, 255] 
color [27] [255, 255, 255, 255] 
color [28] [255, 255, 255, 255] 
color [29] [255, 255, 255, 255] 
color [30] [255, 255, 255, 255] 
color [31] [255, 255, 255, 255] 
color [32] [255, 255, 255, 255] 
color [33] [255, 255, 255, 255] 
color [34] [255, 255, 255, 255] 
color [35] [255, 255, 255, 255] 
color [36] [255, 255, 255, 255] 
color [37] [255, 255, 255, 255] 
color [38] [255, 255, 255, 255] 
color [39] [255, 255, 255, 255] 
color [40] [255, 255, 255, 255] 
color [41] [255, 255, 255, 255] 
color [42] [255, 255, 255, 255] 
color [43] [255, 255, 255, 255] 
color [44] [255, 255, 255, 255] 
color [45] [255, 255, 255, 255] 
color [46] [255, 255, 255, 255] 
color [47] [255, 254, 254, 255] 
color [48] [255, 254, 254, 255] 
color [49] [255, 255, 255, 255] 
color [50] [255, 255, 255, 255] 
color [51] [255, 255, 255, 255] 
color [52] [255, 254, 254, 255] 
color [53] [255, 255, 255, 255] 
color [54] [255, 255, 255, 255] 
color [55] [255, 255, 255, 255] 
color [56] [255, 255, 255, 255] 
color [57] [255, 255, 255, 255] 
color [58] [255, 255, 255, 255] 
color [59] [255, 255, 255, 255] 
color [60] [255, 255, 255, 255] 
color [61] [255, 255, 255, 255] 
color [62] [255, 255, 255, 255] 
color [63] [255, 255, 255, 255] 
color [64] [255, 255, 255, 255] 
color [65] [255, 255, 255, 255] 
color [66] [255, 255, 255, 255] 
color [67] [255, 222, 89, 255] 
color [68] [255, 222, 89, 255] 
color [69] [255, 255, 255, 255] 
color [70] [255, 255, 255, 255] 
color [71] [255, 222, 90, 255] 
color [72] [255, 222, 89, 255] 
color [73] [255, 254, 251, 255] 
color [74] [255, 255, 255, 255] 
color [75] [255, 255, 255, 255] 
color [76] [255, 255, 255, 255] 
color [77] [255, 255, 255, 255] 
color [78] [255, 255, 255, 255] 
color [79] [255, 255, 255, 255] 
color [80] [255, 255, 255, 255] 
color [81] [255, 255, 255, 255] 
color [82] [255, 255, 255, 255] 
color [83] [255, 255, 255, 255] 
color [84] [255, 255, 255, 255] 
color [85] [255, 255, 255, 255] 
color [86] [255, 255, 255, 255] 
color [87] [255, 222, 89, 255] 
color [88] [255, 222, 89, 255] 
color [89] [255, 255, 255, 255] 
color [90] [255, 255, 255, 255] 
color [91] [255, 222, 90, 255] 
color [92] [255, 222, 89, 255] 
color [93] [255, 254, 251, 255] 
color [94] [255, 255, 255, 255] 
color [95] [255, 255, 255, 255] 
color [96] [255, 255, 255, 255] 
color [97] [255, 255, 255, 255] 
color [98] [255, 255, 255, 255] 
color [99] [255, 255, 255, 255] 
color [100] [255, 255, 255, 255] 
color [101] [255, 255, 255, 255] 
color [102] [255, 255, 255, 255] 
color [103] [255, 255, 255, 255] 
color [104] [255, 255, 255, 255] 
color [105] [142, 213, 255, 255] 
color [106] [56, 182, 255, 255] 
color [107] [56, 182, 254, 255] 
color [108] [56, 182, 254, 255] 
color [109] [56, 182, 255, 255] 
color [110] [56, 182, 255, 255] 
color [111] [56, 182, 255, 255] 
color [112] [112, 182, 157, 255] 
color [113] [131, 182, 253, 255] 
color [114] [56, 182, 255, 255] 
color [115] [255, 255, 255, 255] 
color [116] [255, 255, 255, 255] 
color [117] [255, 255, 255, 255] 
color [118] [255, 255, 255, 255] 
color [119] [255, 255, 255, 255] 
color [120] [255, 255, 255, 255] 
color [121] [255, 255, 255, 255] 
color [122] [255, 255, 255, 255] 
color [123] [255, 255, 255, 255] 
color [124] [255, 255, 255, 255] 
color [125] [115, 94, 88, 255] 
color [126] [115, 94, 88, 255] 
color [127] [115, 94, 88, 255] 
color [128] [115, 94, 88, 255] 
color [129] [115, 94, 88, 255] 
color [130] [115, 94, 88, 255] 
color [131] [115, 94, 88, 255] 
color [132] [130, 73, 124, 255] 
color [133] [131, 73, 125, 255] 
color [134] [115, 94, 88, 255] 
color [135] [255, 255, 255, 255] 
color [136] [255, 255, 255, 255] 
color [137] [255, 255, 255, 255] 
color [138] [255, 255, 255, 255] 
color [139] [255, 255, 255, 255] 
color [140] [255, 255, 255, 255] 
color [141] [255, 255, 255, 255] 
color [142] [255, 255, 255, 255] 
color [143] [255, 255, 255, 255] 
color [144] [255, 22, 22, 255] 
color [145] [255, 22, 22, 255] 
color [146] [56, 182, 255, 255] 
color [147] [56, 182, 255, 255] 
color [148] [56, 182, 255, 255] 
color [149] [56, 182, 255, 255] 
color [150] [56, 182, 255, 255] 
color [151] [56, 182, 255, 255] 
color [152] [56, 182, 255, 255] 
color [153] [56, 182, 255, 255] 
color [154] [56, 182, 255, 255] 
color [155] [255, 255, 255, 255] 
color [156] [255, 255, 255, 255] 
color [157] [255, 255, 255, 255] 
color [158] [255, 255, 255, 255] 
color [159] [255, 255, 255, 255] 
color [160] [255, 255, 255, 255] 
color [161] [255, 255, 255, 255] 
color [162] [255, 255, 255, 255] 
color [163] [255, 255, 255, 255] 
color [164] [255, 22, 22, 255] 
color [165] [255, 22, 22, 255] 
color [166] [56, 182, 255, 255] 
color [167] [56, 182, 255, 255] 
color [168] [56, 182, 255, 255] 
color [169] [56, 182, 255, 255] 
color [170] [56, 182, 255, 255] 
color [171] [56, 182, 255, 255] 
color [172] [56, 182, 255, 255] 
color [173] [56, 182, 255, 255] 
color [174] [56, 182, 255, 255] 
color [175] [255, 255, 255, 255] 
color [176] [255, 255, 255, 255] 
color [177] [255, 255, 255, 255] 
color [178] [255, 255, 255, 255] 
color [179] [255, 255, 255, 255] 
color [180] [255, 255, 255, 255] 
color [181] [255, 255, 255, 255] 
color [182] [255, 255, 255, 255] 
color [183] [255, 255, 255, 255] 
color [184] [255, 22, 22, 255] 
color [185] [255, 22, 22, 255] 
color [186] [56, 182, 255, 255] 
color [187] [56, 182, 255, 255] 
color [188] [56, 182, 255, 255] 
color [189] [56, 182, 255, 255] 
color [190] [56, 182, 255, 255] 
color [191] [56, 182, 255, 255] 
color [192] [56, 182, 255, 255] 
color [193] [56, 182, 255, 255] 
color [194] [56, 182, 255, 255] 
color [195] [255, 255, 255, 255] 
color [196] [255, 255, 255, 255] 
color [197] [255, 255, 255, 255] 
color [198] [255, 255, 255, 255] 
color [199] [255, 255, 255, 255] 
color [200] [255, 255, 255, 255] 
color [201] [255, 255, 255, 255] 
color [202] [255, 255, 255, 255] 
color [203] [255, 255, 255, 255] 
color [204] [255, 22, 22, 255] 
color [205] [255, 22, 22, 255] 
color [206] [56, 182, 255, 255] 
color [207] [56, 182, 255, 255] 
color [208] [56, 182, 255, 255] 
color [209] [56, 182, 255, 255] 
color [210] [56, 182, 255, 255] 
color [211] [56, 182, 255, 255] 
color [212] [56, 182, 255, 255] 
color [213] [56, 182, 255, 255] 
color [214] [56, 182, 255, 255] 
color [215] [255, 255, 255, 255] 
color [216] [255, 255, 255, 255] 
color [217] [255, 255, 255, 255] 
color [218] [255, 255, 255, 255] 
color [219] [255, 255, 255, 255] 
color [220] [255, 255, 255, 255] 
color [221] [255, 255, 255, 255] 
color [222] [255, 255, 255, 255] 
color [223] [255, 255, 255, 255] 
color [224] [255, 22, 22, 255] 
color [225] [255, 22, 22, 255] 
color [226] [56, 182, 255, 255] 
color [227] [56, 182, 255, 255] 
color [228] [56, 182, 255, 255] 
color [229] [56, 182, 255, 255] 
color [230] [56, 182, 255, 255] 
color [231] [56, 182, 255, 255] 
color [232] [56, 182, 255, 255] 
color [233] [56, 182, 255, 255] 
color [234] [0, 128, 55, 255] 
color [235] [0, 128, 55, 255] 
color [236] [255, 255, 255, 255] 
color [237] [255, 255, 255, 255] 
color [238] [255, 255, 255, 255] 
color [239] [255, 255, 255, 255] 
color [240] [255, 255, 255, 255] 
color [241] [255, 255, 255, 255] 
color [242] [255, 255, 255, 255] 
color [243] [255, 255, 255, 255] 
color [244] [255, 255, 255, 255] 
color [245] [56, 182, 255, 255] 
color [246] [56, 182, 255, 255] 
color [247] [0, 74, 173, 255] 
color [248] [0, 74, 173, 255] 
color [249] [0, 74, 173, 255] 
color [250] [0, 74, 173, 255] 
color [251] [0, 74, 173, 255] 
color [252] [0, 74, 173, 255] 
color [253] [56, 182, 255, 255] 
color [254] [0, 128, 55, 255] 
color [255] [0, 128, 55, 255] 
color [256] [255, 255, 255, 255] 
color [257] [255, 255, 255, 255] 
color [258] [255, 255, 255, 255] 
color [259] [255, 255, 255, 255] 
color [260] [255, 255, 255, 255] 
color [261] [255, 255, 255, 255] 
color [262] [255, 255, 255, 255] 
color [263] [255, 255, 255, 255] 
color [264] [255, 255, 255, 255] 
color [265] [255, 255, 255, 255] 
color [266] [255, 255, 255, 255] 
color [267] [0, 74, 173, 255] 
color [268] [91, 225, 230, 255] 
color [269] [92, 225, 230, 255] 
color [270] [92, 225, 230, 255] 
color [271] [91, 225, 229, 255] 
color [272] [0, 74, 173, 255] 
color [273] [255, 255, 255, 255] 
color [274] [0, 128, 55, 255] 
color [275] [0, 128, 55, 255] 
color [276] [255, 255, 255, 255] 
color [277] [255, 255, 255, 255] 
color [278] [255, 255, 255, 255] 
color [279] [255, 255, 255, 255] 
color [280] [255, 255, 255, 255] 
color [281] [255, 255, 255, 255] 
color [282] [255, 255, 255, 255] 
color [283] [255, 255, 255, 255] 
color [284] [255, 255, 255, 255] 
color [285] [255, 255, 255, 255] 
color [286] [255, 255, 255, 255] 
color [287] [0, 74, 173, 255] 
color [288] [1, 76, 173, 255] 
color [289] [0, 74, 173, 255] 
color [290] [0, 74, 173, 255] 
color [291] [37, 135, 195, 255] 
color [292] [0, 74, 173, 255] 
color [293] [255, 255, 255, 255] 
color [294] [0, 128, 55, 255] 
color [295] [0, 128, 55, 255] 
color [296] [255, 255, 255, 255] 
color [297] [255, 255, 255, 255] 
color [298] [255, 255, 255, 255] 
color [299] [255, 255, 255, 255] 
color [300] [255, 255, 255, 255] 
color [301] [255, 255, 255, 255] 
color [302] [255, 255, 255, 255] 
color [303] [255, 255, 255, 255] 
color [304] [255, 255, 255, 255] 
color [305] [255, 255, 255, 255] 
color [306] [255, 255, 255, 255] 
color [307] [0, 74, 173, 255] 
color [308] [0, 74, 173, 255] 
color [309] [0, 74, 173, 255] 
color [310] [0, 74, 173, 255] 
color [311] [0, 74, 173, 255] 
color [312] [0, 74, 173, 255] 
color [313] [255, 255, 255, 255] 
color [314] [106, 180, 138, 255] 
color [315] [0, 128, 55, 255] 
color [316] [255, 255, 255, 255] 
color [317] [255, 255, 255, 255] 
color [318] [255, 255, 255, 255] 
color [319] [255, 255, 255, 255] 
color [320] [255, 255, 255, 255] 
color [321] [255, 255, 255, 255] 
color [322] [255, 255, 255, 255] 
color [323] [255, 255, 255, 255] 
color [324] [255, 255, 255, 255] 
color [325] [255, 255, 255, 255] 
color [326] [255, 255, 255, 255] 
color [327] [0, 74, 173, 255] 
color [328] [126, 217, 87, 255] 
color [329] [0, 74, 173, 255] 
color [330] [0, 74, 173, 255] 
color [331] [255, 255, 255, 255] 
color [332] [0, 74, 173, 255] 
color [333] [255, 255, 255, 255] 
color [334] [255, 255, 255, 255] 
color [335] [255, 255, 255, 255] 
color [336] [255, 255, 255, 255] 
color [337] [255, 255, 255, 255] 
color [338] [255, 255, 255, 255] 
color [339] [255, 255, 255, 255] 
color [340] [255, 255, 255, 255] 
color [341] [255, 255, 255, 255] 
color [342] [255, 255, 255, 255] 
color [343] [255, 255, 255, 255] 
color [344] [255, 255, 255, 255] 
color [345] [255, 255, 255, 255] 
color [346] [255, 255, 255, 255] 
color [347] [0, 74, 173, 255] 
color [348] [0, 74, 173, 255] 
color [349] [0, 74, 173, 255] 
color [350] [0, 74, 173, 255] 
color [351] [0, 74, 173, 255] 
color [352] [0, 74, 173, 255] 
color [353] [255, 255, 255, 255] 
color [354] [255, 255, 255, 255] 
color [355] [255, 255, 255, 255] 
color [356] [255, 255, 255, 255] 
color [357] [255, 255, 255, 255] 
color [358] [255, 255, 255, 255] 
color [359] [255, 255, 255, 255] 
color [360] [255, 255, 255, 255] 
color [361] [255, 255, 255, 255] 
color [362] [255, 255, 255, 255] 
color [363] [255, 255, 255, 255] 
color [364] [255, 255, 255, 255] 
color [365] [255, 255, 255, 255] 
color [366] [255, 255, 255, 255] 
color [367] [255, 255, 255, 255] 
color [368] [255, 255, 255, 255] 
color [369] [255, 255, 255, 255] 
color [370] [255, 255, 255, 255] 
color [371] [255, 255, 255, 255] 
color [372] [255, 255, 255, 255] 
color [373] [255, 255, 255, 255] 
color [374] [255, 255, 255, 255] 
color [375] [255, 255, 255, 255] 
color [376] [255, 255, 255, 255] 
color [377] [255, 255, 255, 255] 
color [378] [255, 255, 255, 255] 
color [379] [255, 255, 255, 255] 
color [380] [255, 255, 255, 255] 
color [381] [255, 255, 255, 255] 
color [382] [255, 255, 255, 255] 
color [383] [255, 255, 255, 255] 
color [384] [255, 255, 255, 255] 
color [385] [255, 255, 255, 255] 
color [386] [255, 255, 255, 255] 
color [387] [255, 255, 255, 255] 
color [388] [255, 255, 255, 255] 
color [389] [255, 255, 255, 255] 
color [390] [255, 255, 255, 255] 
color [391] [255, 255, 255, 255] 
color [392] [255, 255, 255, 255] 
color [393] [255, 255, 255, 255] 
color [394] [255, 255, 255, 255] 
color [395] [255, 255, 255, 255] 
color [396] [255, 255, 255, 255] 
color [397] [255, 255, 255, 255] 
color [398] [255, 255, 255, 255] 
color [399] [255, 255, 255, 255] 
