color [1] [40, 53, 147, 255] 
color [2] [33, 33, 33, 255] 
color [3] [33, 33, 33, 255] 
color [4] [33, 33, 33, 255] 
color [5] [26, 34, 125, 255] 
color [6] [26, 35, 126, 255] 
color [7] [26, 35, 126, 255] 
color [8] [26, 35, 126, 255] 
color [9] [26, 35, 126, 255] 
color [10] [26, 35, 126, 255] 
color [13] [33, 33, 33, 255] 
color [14] [33, 33, 33, 255] 
color [15] [40, 53, 147, 255] 
color [17] [26, 35, 126, 255] 
color [18] [26, 35, 126, 255] 
color [19] [26, 35, 126, 255] 
color [22] [33, 33, 33, 255] 
color [23] [33, 33, 33, 255] 
color [26] [26, 35, 126, 255] 
color [27] [34, 45, 138, 255] 
color [28] [40, 53, 147, 255] 
color [29] [40, 53, 147, 255] 
color [30] [255, 236, 179, 255] 
color [31] [254, 235, 178, 255] 
color [32] [33, 33, 33, 255] 
color [33] [33, 33, 33, 255] 
color [34] [255, 236, 179, 255] 
color [35] [255, 236, 179, 255] 
color [36] [255, 236, 179, 255] 
color [37] [254, 235, 178, 255] 
color [39] [32, 42, 131, 255] 
color [40] [57, 73, 171, 255] 
color [42] [33, 33, 33, 255] 
color [43] [57, 73, 171, 255] 
color [44] [255, 236, 179, 255] 
color [45] [121, 134, 179, 255] 
color [48] [121, 134, 203, 255] 
color [50] [92, 107, 192, 255] 
color [53] [57, 73, 171, 255] 
color [55] [121, 134, 203, 255] 
color [58] [121, 134, 203, 255] 
color [59] [57, 73, 171, 255] 
color [60] [92, 107, 192, 255] 
color [61] [92, 107, 192, 255] 
color [63] [92, 107, 192, 255] 
color [64] [121, 134, 202, 255] 
color [65] [121, 134, 203, 255] 
color [67] [94, 108, 192, 255] 
color [69] [57, 73, 171, 255] 
color [72] [56, 72, 79, 255] 
color [78] [57, 73, 171, 255] 
color [80] [57, 73, 171, 255] 
color [84] [57, 73, 171, 255] 
color [85] [92, 107, 192, 255] 
color [88] [249, 168, 38, 255] 
color [89] [57, 73, 171, 255] 
color [90] [57, 73, 171, 255] 
color [93] [57, 73, 171, 255] 
color [94] [57, 73, 171, 255] 
color [95] [57, 73, 171, 255] 
color [99] [57, 73, 171, 255] 
