color [0] [106, 128, 82, 255] 
color [1] [106, 136, 84, 255] 
color [2] [109, 143, 85, 255] 
color [3] [116, 116, 90, 255] 
color [4] [132, 125, 87, 255] 
color [5] [128, 129, 67, 255] 
color [6] [123, 125, 66, 255] 
color [7] [116, 119, 53, 255] 
color [8] [63, 66, 35, 255] 
color [9] [71, 61, 33, 255] 
color [10] [102, 132, 79, 255] 
color [11] [83, 132, 78, 255] 
color [12] [96, 129, 83, 255] 
color [13] [120, 127, 76, 255] 
color [14] [135, 136, 69, 255] 
color [15] [172, 146, 61, 255] 
color [16] [151, 136, 69, 255] 
color [17] [148, 135, 53, 255] 
color [18] [99, 85, 39, 255] 
color [19] [102, 83, 38, 255] 
color [20] [113, 115, 71, 255] 
color [21] [110, 112, 66, 255] 
color [22] [124, 126, 71, 255] 
color [23] [203, 170, 57, 255] 
color [24] [233, 193, 56, 255] 
color [25] [221, 168, 63, 255] 
color [26] [224, 183, 64, 255] 
color [27] [180, 161, 72, 255] 
color [28] [107, 91, 44, 255] 
color [29] [108, 89, 42, 255] 
color [30] [124, 114, 72, 255] 
color [31] [130, 116, 66, 255] 
color [32] [140, 120, 64, 255] 
color [33] [239, 201, 60, 255] 
color [34] [237, 200, 61, 255] 
color [35] [225, 190, 68, 255] 
color [36] [241, 196, 56, 255] 
color [37] [227, 186, 50, 255] 
color [38] [114, 96, 45, 255] 
color [39] [123, 102, 48, 255] 
color [40] [141, 129, 79, 255] 
color [41] [145, 127, 70, 255] 
color [42] [150, 127, 67, 255] 
color [43] [244, 213, 70, 255] 
color [44] [243, 208, 65, 255] 
color [45] [223, 180, 67, 255] 
color [46] [246, 209, 59, 255] 
color [47] [227, 172, 52, 255] 
color [48] [121, 101, 49, 255] 
color [49] [138, 114, 54, 255] 
color [50] [154, 138, 81, 255] 
color [51] [141, 125, 72, 255] 
color [52] [170, 140, 70, 255] 
color [53] [244, 209, 69, 255] 
color [54] [242, 205, 69, 255] 
color [55] [207, 166, 66, 255] 
color [56] [246, 211, 61, 255] 
color [57] [162, 127, 52, 255] 
color [58] [132, 110, 52, 255] 
color [59] [118, 100, 49, 255] 
color [60] [147, 130, 75, 255] 
color [61] [147, 126, 68, 255] 
color [62] [153, 128, 64, 255] 
color [63] [244, 207, 62, 255] 
color [64] [244, 213, 72, 255] 
color [65] [204, 161, 103, 255] 
color [66] [244, 202, 61, 255] 
color [67] [147, 117, 50, 255] 
color [68] [123, 103, 49, 255] 
color [69] [117, 100, 50, 255] 
color [70] [139, 122, 71, 255] 
color [71] [148, 126, 69, 255] 
color [72] [146, 123, 65, 255] 
color [73] [236, 201, 61, 255] 
color [74] [234, 196, 66, 255] 
color [75] [222, 174, 70, 255] 
color [76] [223, 180, 63, 255] 
color [77] [118, 97, 48, 255] 
color [78] [121, 100, 48, 255] 
color [79] [113, 95, 48, 255] 
color [80] [144, 122, 71, 255] 
color [81] [137, 116, 64, 255] 
color [82] [148, 123, 62, 255] 
color [83] [205, 165, 59, 255] 
color [84] [224, 180, 66, 255] 
color [85] [192, 163, 109, 255] 
color [86] [153, 136, 88, 255] 
color [87] [96, 82, 44, 255] 
color [88] [105, 88, 47, 255] 
color [89] [100, 84, 44, 255] 
color [90] [125, 107, 65, 255] 
color [91] [106, 94, 56, 255] 
color [92] [121, 105, 56, 255] 
color [93] [225, 176, 59, 255] 
color [94] [205, 173, 100, 255] 
color [95] [10, 15, 17, 255] 
color [96] [119, 102, 51, 255] 
color [97] [80, 71, 39, 255] 
color [98] [73, 65, 36, 255] 
color [99] [79, 69, 38, 255] 
