color [0] [241, 178, 47, 255] 
color [1] [219, 88, 6, 255] 
color [2] [219, 88, 6, 255] 
color [3] [219, 88, 6, 255] 
color [4] [209, 84, 5, 255] 
color [5] [184, 28, 5, 255] 
color [6] [151, 0, 1, 255] 
color [7] [152, 0, 1, 255] 
color [8] [172, 16, 4, 255] 
color [9] [172, 16, 4, 255] 
color [10] [154, 0, 2, 255] 
color [11] [154, 0, 2, 255] 
color [12] [154, 0, 2, 255] 
color [13] [152, 0, 4, 255] 
color [14] [74, 69, 75, 255] 
color [15] [74, 69, 75, 255] 
color [16] [169, 17, 4, 255] 
color [17] [175, 42, 7, 255] 
color [18] [238, 164, 17, 255] 
color [19] [238, 164, 17, 255] 
color [20] [240, 177, 47, 255] 
color [21] [219, 92, 11, 255] 
color [22] [220, 116, 27, 255] 
color [23] [240, 207, 110, 255] 
color [24] [233, 165, 100, 255] 
color [25] [229, 137, 9, 255] 
color [26] [149, 59, 70, 255] 
color [27] [157, 59, 70, 255] 
color [28] [237, 202, 110, 255] 
color [29] [229, 161, 106, 255] 
color [30] [182, 26, 4, 255] 
color [31] [181, 26, 3, 255] 
color [32] [182, 27, 3, 255] 
color [33] [183, 29, 6, 255] 
color [34] [211, 124, 70, 255] 
color [35] [74, 69, 75, 255] 
color [36] [169, 17, 4, 255] 
color [37] [169, 17, 4, 255] 
color [38] [238, 164, 17, 255] 
color [39] [238, 164, 17, 255] 
color [40] [209, 70, 5, 255] 
color [41] [245, 211, 113, 255] 
color [42] [245, 211, 113, 255] 
color [43] [245, 211, 113, 255] 
color [44] [245, 211, 113, 255] 
color [45] [232, 139, 10, 255] 
color [46] [87, 62, 70, 255] 
color [47] [78, 60, 72, 255] 
color [48] [244, 211, 114, 255] 
color [49] [244, 210, 114, 255] 
color [50] [184, 28, 5, 255] 
color [51] [184, 28, 5, 255] 
color [52] [184, 28, 5, 255] 
color [53] [231, 128, 9, 255] 
color [54] [231, 128, 9, 255] 
color [55] [231, 128, 9, 255] 
color [56] [229, 139, 11, 255] 
color [57] [220, 146, 13, 255] 
color [58] [238, 164, 17, 255] 
color [59] [238, 164, 17, 255] 
color [60] [209, 70, 5, 255] 
color [61] [209, 71, 6, 255] 
color [62] [240, 204, 108, 255] 
color [63] [245, 211, 113, 255] 
color [64] [244, 211, 113, 255] 
color [65] [234, 146, 24, 255] 
color [66] [231, 137, 12, 255] 
color [67] [78, 60, 72, 255] 
color [68] [244, 211, 114, 255] 
color [69] [243, 209, 112, 255] 
color [70] [184, 28, 5, 255] 
color [71] [184, 28, 5, 255] 
color [72] [230, 127, 9, 255] 
color [73] [231, 128, 9, 255] 
color [74] [231, 128, 9, 255] 
color [75] [231, 135, 10, 255] 
color [76] [232, 141, 11, 255] 
color [77] [68, 55, 59, 255] 
color [78] [66, 55, 59, 255] 
color [79] [67, 55, 58, 255] 
color [80] [99, 46, 50, 255] 
color [81] [98, 46, 50, 255] 
color [82] [98, 46, 50, 255] 
color [83] [207, 88, 46, 255] 
color [84] [220, 92, 5, 255] 
color [85] [219, 91, 7, 255] 
color [86] [159, 10, 7, 255] 
color [87] [74, 52, 60, 255] 
color [88] [205, 63, 7, 255] 
color [89] [234, 158, 17, 255] 
color [90] [234, 158, 14, 255] 
color [91] [228, 152, 14, 255] 
color [92] [165, 30, 5, 255] 
color [93] [161, 8, 3, 255] 
color [94] [172, 62, 6, 255] 
color [95] [231, 140, 11, 255] 
color [96] [232, 140, 11, 255] 
color [97] [66, 55, 59, 255] 
color [98] [66, 55, 59, 255] 
color [99] [115, 33, 30, 255] 
color [100] [98, 46, 50, 255] 
color [101] [98, 46, 50, 255] 
color [102] [98, 46, 50, 255] 
color [103] [100, 46, 49, 255] 
color [104] [220, 92, 5, 255] 
color [105] [165, 28, 3, 255] 
color [106] [157, 7, 7, 255] 
color [107] [71, 51, 60, 255] 
color [108] [205, 62, 6, 255] 
color [109] [236, 159, 15, 255] 
color [110] [236, 160, 15, 255] 
color [111] [236, 160, 15, 255] 
color [112] [161, 8, 3, 255] 
color [113] [161, 8, 3, 255] 
color [114] [161, 8, 3, 255] 
color [115] [208, 66, 5, 255] 
color [116] [209, 67, 5, 255] 
color [117] [164, 41, 30, 255] 
color [118] [147, 54, 58, 255] 
color [119] [161, 33, 28, 255] 
color [120] [98, 46, 50, 255] 
color [121] [98, 46, 50, 255] 
color [122] [98, 46, 50, 255] 
color [123] [213, 89, 33, 255] 
color [124] [220, 92, 5, 255] 
color [125] [159, 5, 3, 255] 
color [126] [71, 51, 60, 255] 
color [127] [203, 61, 8, 255] 
color [128] [205, 62, 6, 255] 
color [129] [236, 160, 15, 255] 
color [130] [236, 160, 15, 255] 
color [131] [236, 160, 15, 255] 
color [132] [163, 10, 4, 255] 
color [133] [161, 8, 3, 255] 
color [134] [161, 8, 3, 255] 
color [135] [201, 63, 4, 255] 
color [136] [209, 67, 5, 255] 
color [137] [168, 18, 4, 255] 
color [138] [168, 18, 4, 255] 
color [139] [168, 18, 4, 255] 
color [140] [98, 46, 50, 255] 
color [141] [98, 46, 50, 255] 
color [142] [98, 46, 50, 255] 
color [143] [219, 92, 6, 255] 
color [144] [216, 90, 6, 255] 
color [145] [158, 5, 4, 255] 
color [146] [71, 51, 59, 255] 
color [147] [205, 62, 6, 255] 
color [148] [207, 66, 10, 255] 
color [149] [236, 160, 15, 255] 
color [150] [236, 160, 15, 255] 
color [151] [236, 160, 15, 255] 
color [152] [236, 160, 15, 255] 
color [153] [161, 8, 3, 255] 
color [154] [161, 8, 3, 255] 
color [155] [161, 8, 3, 255] 
color [156] [209, 67, 5, 255] 
color [157] [206, 66, 5, 255] 
color [158] [168, 18, 4, 255] 
color [159] [168, 18, 4, 255] 
color [160] [98, 46, 50, 255] 
color [161] [97, 78, 79, 255] 
color [162] [82, 84, 90, 255] 
color [163] [79, 79, 87, 255] 
color [164] [246, 221, 151, 255] 
color [165] [199, 53, 12, 255] 
color [166] [195, 49, 9, 255] 
color [167] [204, 62, 6, 255] 
color [168] [208, 67, 10, 255] 
color [169] [236, 160, 15, 255] 
color [170] [236, 160, 15, 255] 
color [171] [236, 160, 15, 255] 
color [172] [236, 160, 15, 255] 
color [173] [161, 8, 3, 255] 
color [174] [161, 8, 3, 255] 
color [175] [174, 18, 3, 255] 
color [176] [219, 143, 29, 255] 
color [177] [209, 67, 16, 255] 
color [178] [168, 18, 4, 255] 
color [179] [168, 18, 4, 255] 
color [180] [83, 86, 92, 255] 
color [181] [82, 87, 93, 255] 
color [182] [79, 79, 87, 255] 
color [183] [79, 79, 87, 255] 
color [184] [246, 221, 152, 255] 
color [185] [196, 49, 5, 255] 
color [186] [194, 48, 5, 255] 
color [187] [142, 2, 11, 255] 
color [188] [204, 62, 6, 255] 
color [189] [236, 160, 15, 255] 
color [190] [236, 160, 15, 255] 
color [191] [236, 160, 15, 255] 
color [192] [235, 159, 15, 255] 
color [193] [211, 85, 9, 255] 
color [194] [179, 19, 3, 255] 
color [195] [179, 21, 5, 255] 
color [196] [240, 174, 36, 255] 
color [197] [203, 151, 57, 255] 
color [198] [87, 54, 63, 255] 
color [199] [87, 54, 63, 255] 
color [200] [82, 87, 93, 255] 
color [201] [79, 79, 87, 255] 
color [202] [79, 79, 87, 255] 
color [203] [231, 204, 128, 255] 
color [204] [246, 221, 152, 255] 
color [205] [196, 49, 5, 255] 
color [206] [196, 49, 5, 255] 
color [207] [142, 2, 11, 255] 
color [208] [142, 2, 11, 255] 
color [209] [163, 46, 11, 255] 
color [210] [221, 100, 13, 255] 
color [211] [218, 85, 6, 255] 
color [212] [218, 85, 6, 255] 
color [213] [179, 22, 3, 255] 
color [214] [179, 19, 3, 255] 
color [215] [235, 172, 35, 255] 
color [216] [240, 174, 36, 255] 
color [217] [87, 54, 63, 255] 
color [218] [87, 54, 63, 255] 
color [219] [87, 54, 63, 255] 
color [220] [80, 81, 89, 255] 
color [221] [79, 79, 87, 255] 
color [222] [79, 79, 87, 255] 
color [223] [246, 222, 152, 255] 
color [224] [246, 222, 152, 255] 
color [225] [196, 49, 5, 255] 
color [226] [196, 49, 5, 255] 
color [227] [147, 7, 10, 255] 
color [228] [142, 2, 11, 255] 
color [229] [142, 2, 11, 255] 
color [230] [143, 3, 11, 255] 
color [231] [218, 85, 6, 255] 
color [232] [218, 85, 6, 255] 
color [233] [179, 20, 4, 255] 
color [234] [173, 17, 6, 255] 
color [235] [211, 115, 31, 255] 
color [236] [236, 172, 36, 255] 
color [237] [87, 54, 63, 255] 
color [238] [87, 54, 63, 255] 
color [239] [194, 46, 3, 255] 
color [240] [82, 79, 87, 255] 
color [241] [80, 79, 86, 255] 
color [242] [149, 79, 87, 255] 
color [243] [246, 221, 152, 255] 
color [244] [246, 222, 152, 255] 
color [245] [196, 49, 5, 255] 
color [246] [196, 49, 5, 255] 
color [247] [196, 49, 5, 255] 
color [248] [142, 2, 11, 255] 
color [249] [142, 2, 11, 255] 
color [250] [142, 2, 11, 255] 
color [251] [218, 85, 6, 255] 
color [252] [217, 85, 6, 255] 
color [253] [142, 2, 11, 255] 
color [254] [142, 2, 11, 255] 
color [255] [209, 70, 5, 255] 
color [256] [209, 70, 5, 255] 
color [257] [210, 126, 57, 255] 
color [258] [87, 54, 63, 255] 
color [259] [181, 51, 53, 255] 
color [260] [200, 55, 6, 255] 
color [261] [201, 55, 6, 255] 
color [262] [63, 44, 48, 255] 
color [263] [63, 44, 48, 255] 
color [264] [63, 44, 48, 255] 
color [265] [196, 55, 53, 255] 
color [266] [196, 49, 5, 255] 
color [267] [196, 49, 5, 255] 
color [268] [188, 47, 8, 255] 
color [269] [142, 2, 11, 255] 
color [270] [142, 2, 11, 255] 
color [271] [218, 85, 6, 255] 
color [272] [182, 26, 4, 255] 
color [273] [142, 2, 11, 255] 
color [274] [142, 2, 11, 255] 
color [275] [209, 70, 5, 255] 
color [276] [209, 70, 5, 255] 
color [277] [230, 135, 10, 255] 
color [278] [87, 54, 63, 255] 
color [279] [87, 54, 63, 255] 
color [280] [200, 55, 6, 255] 
color [281] [201, 55, 6, 255] 
color [282] [63, 44, 48, 255] 
color [283] [63, 44, 48, 255] 
color [284] [63, 44, 48, 255] 
color [285] [63, 44, 48, 255] 
color [286] [64, 45, 49, 255] 
color [287] [64, 45, 49, 255] 
color [288] [150, 46, 49, 255] 
color [289] [143, 2, 11, 255] 
color [290] [142, 2, 11, 255] 
color [291] [206, 82, 5, 255] 
color [292] [182, 26, 4, 255] 
color [293] [142, 2, 11, 255] 
color [294] [142, 2, 11, 255] 
color [295] [209, 70, 5, 255] 
color [296] [209, 70, 5, 255] 
color [297] [230, 135, 10, 255] 
color [298] [87, 54, 63, 255] 
color [299] [154, 109, 62, 255] 
color [300] [200, 54, 6, 255] 
color [301] [201, 55, 6, 255] 
color [302] [63, 44, 48, 255] 
color [303] [63, 44, 48, 255] 
color [304] [63, 44, 48, 255] 
color [305] [64, 45, 49, 255] 
color [306] [64, 45, 49, 255] 
color [307] [64, 45, 49, 255] 
color [308] [64, 45, 49, 255] 
color [309] [199, 53, 6, 255] 
color [310] [199, 53, 6, 255] 
color [311] [182, 26, 4, 255] 
color [312] [182, 26, 4, 255] 
color [313] [142, 2, 11, 255] 
color [314] [142, 2, 11, 255] 
color [315] [209, 70, 5, 255] 
color [316] [209, 70, 5, 255] 
color [317] [231, 135, 10, 255] 
color [318] [231, 136, 10, 255] 
color [319] [231, 136, 10, 255] 
color [320] [192, 54, 12, 255] 
color [321] [199, 55, 19, 255] 
color [322] [64, 44, 48, 255] 
color [323] [63, 44, 48, 255] 
color [324] [63, 44, 49, 255] 
color [325] [64, 45, 49, 255] 
color [326] [65, 45, 49, 255] 
color [327] [64, 46, 49, 255] 
color [328] [66, 46, 49, 255] 
color [329] [199, 53, 6, 255] 
color [330] [199, 53, 6, 255] 
color [331] [182, 26, 3, 255] 
color [332] [182, 26, 4, 255] 
color [333] [142, 2, 11, 255] 
color [334] [142, 2, 11, 255] 
color [335] [209, 70, 5, 255] 
color [336] [209, 70, 5, 255] 
color [337] [231, 136, 10, 255] 
color [338] [231, 136, 10, 255] 
color [339] [231, 136, 10, 255] 
color [340] [124, 22, 23, 255] 
color [341] [125, 21, 22, 255] 
color [342] [232, 132, 10, 255] 
color [343] [231, 131, 9, 255] 
color [344] [230, 125, 8, 255] 
color [345] [230, 125, 8, 255] 
color [346] [230, 125, 8, 255] 
color [347] [230, 125, 8, 255] 
color [348] [230, 125, 8, 255] 
color [349] [241, 181, 49, 255] 
color [350] [239, 180, 48, 255] 
color [351] [199, 60, 43, 255] 
color [352] [181, 28, 7, 255] 
color [353] [175, 57, 11, 255] 
color [354] [202, 62, 6, 255] 
color [355] [190, 65, 25, 255] 
color [356] [206, 69, 16, 255] 
color [357] [230, 134, 12, 255] 
color [358] [230, 135, 10, 255] 
color [359] [230, 135, 14, 255] 
color [360] [122, 44, 32, 255] 
color [361] [125, 21, 22, 255] 
color [362] [232, 132, 10, 255] 
color [363] [231, 131, 10, 255] 
color [364] [230, 125, 8, 255] 
color [365] [230, 125, 8, 255] 
color [366] [230, 125, 8, 255] 
color [367] [230, 125, 8, 255] 
color [368] [240, 180, 49, 255] 
color [369] [241, 181, 49, 255] 
color [370] [241, 181, 49, 255] 
color [371] [240, 180, 50, 255] 
color [372] [76, 58, 70, 255] 
color [373] [78, 58, 69, 255] 
color [374] [206, 63, 5, 255] 
color [375] [123, 25, 26, 255] 
color [376] [123, 25, 26, 255] 
color [377] [88, 53, 60, 255] 
color [378] [88, 53, 60, 255] 
color [379] [87, 55, 61, 255] 
color [380] [94, 48, 53, 255] 
color [381] [125, 21, 22, 255] 
color [382] [226, 129, 16, 255] 
color [383] [232, 132, 10, 255] 
color [384] [230, 125, 8, 255] 
color [385] [230, 125, 8, 255] 
color [386] [230, 125, 8, 255] 
color [387] [241, 181, 49, 255] 
color [388] [241, 181, 49, 255] 
color [389] [241, 181, 49, 255] 
color [390] [241, 181, 49, 255] 
color [391] [241, 181, 49, 255] 
color [392] [76, 58, 70, 255] 
color [393] [76, 58, 70, 255] 
color [394] [206, 63, 5, 255] 
color [395] [129, 28, 24, 255] 
color [396] [123, 25, 26, 255] 
color [397] [88, 53, 60, 255] 
color [398] [88, 53, 60, 255] 
color [399] [75, 74, 80, 255] 
