color [0] [181, 166, 140, 255] 
color [1] [181, 166, 140, 255] 
color [2] [177, 163, 137, 255] 
color [3] [168, 154, 128, 255] 
color [4] [147, 132, 109, 255] 
color [5] [122, 110, 93, 255] 
color [6] [109, 97, 85, 255] 
color [7] [96, 87, 75, 255] 
color [8] [93, 83, 71, 255] 
color [9] [97, 88, 75, 255] 
color [10] [105, 96, 83, 255] 
color [11] [120, 108, 93, 255] 
color [12] [128, 119, 102, 255] 
color [13] [128, 120, 104, 255] 
color [14] [117, 110, 95, 255] 
color [15] [102, 96, 83, 255] 
color [16] [204, 189, 158, 255] 
color [17] [199, 184, 155, 255] 
color [18] [190, 175, 147, 255] 
color [19] [177, 161, 136, 255] 
color [20] [155, 140, 119, 255] 
color [21] [128, 116, 101, 255] 
color [22] [100, 89, 79, 255] 
color [23] [67, 62, 58, 255] 
color [24] [64, 58, 55, 255] 
color [25] [87, 81, 72, 255] 
color [26] [106, 97, 86, 255] 
color [27] [129, 117, 102, 255] 
color [28] [150, 138, 116, 255] 
color [29] [158, 146, 124, 255] 
color [30] [152, 143, 123, 255] 
color [31] [137, 127, 107, 255] 
color [32] [229, 212, 178, 255] 
color [33] [226, 207, 174, 255] 
color [34] [218, 202, 168, 255] 
color [35] [208, 192, 159, 255] 
color [36] [196, 180, 151, 255] 
color [37] [179, 163, 139, 255] 
color [38] [149, 136, 119, 255] 
color [39] [82, 75, 69, 255] 
color [40] [69, 62, 57, 255] 
color [41] [136, 125, 107, 255] 
color [42] [171, 155, 132, 255] 
color [43] [183, 169, 138, 255] 
color [44] [186, 171, 144, 255] 
color [45] [187, 172, 140, 255] 
color [46] [183, 166, 136, 255] 
color [47] [170, 154, 126, 255] 
color [48] [221, 200, 159, 255] 
color [49] [221, 201, 158, 255] 
color [50] [222, 201, 159, 255] 
color [51] [221, 202, 159, 255] 
color [52] [222, 202, 160, 255] 
color [53] [221, 200, 156, 255] 
color [54] [220, 200, 157, 255] 
color [55] [192, 174, 141, 255] 
color [56] [185, 169, 140, 255] 
color [57] [219, 199, 156, 255] 
color [58] [220, 201, 160, 255] 
color [59] [217, 198, 155, 255] 
color [60] [211, 193, 151, 255] 
color [61] [207, 188, 146, 255] 
color [62] [195, 177, 138, 255] 
color [63] [181, 164, 126, 255] 
color [64] [214, 193, 153, 255] 
color [65] [213, 193, 151, 255] 
color [66] [213, 191, 149, 255] 
color [67] [214, 191, 147, 255] 
color [68] [215, 193, 148, 255] 
color [69] [219, 199, 155, 255] 
color [70] [218, 197, 154, 255] 
color [71] [37, 31, 27, 255] 
color [72] [25, 21, 21, 255] 
color [73] [219, 198, 154, 255] 
color [74] [216, 198, 155, 255] 
color [75] [216, 195, 153, 255] 
color [76] [216, 196, 155, 255] 
color [77] [208, 190, 146, 255] 
color [78] [201, 180, 138, 255] 
color [79] [197, 177, 137, 255] 
color [80] [215, 198, 158, 255] 
color [81] [215, 196, 155, 255] 
color [82] [216, 199, 159, 255] 
color [83] [218, 199, 161, 255] 
color [84] [221, 203, 164, 255] 
color [85] [222, 204, 166, 255] 
color [86] [222, 205, 165, 255] 
color [87] [35, 32, 27, 255] 
color [88] [23, 19, 18, 255] 
color [89] [217, 199, 157, 255] 
color [90] [221, 205, 168, 255] 
color [91] [220, 202, 163, 255] 
color [92] [219, 203, 167, 255] 
color [93] [214, 197, 158, 255] 
color [94] [210, 192, 154, 255] 
color [95] [204, 183, 143, 255] 
color [96] [202, 179, 140, 255] 
color [97] [200, 180, 138, 255] 
color [98] [200, 179, 138, 255] 
color [99] [205, 183, 142, 255] 
color [100] [206, 188, 154, 255] 
color [101] [100, 95, 82, 255] 
color [102] [36, 32, 29, 255] 
color [103] [16, 14, 16, 255] 
color [104] [17, 15, 18, 255] 
color [105] [21, 17, 16, 255] 
color [106] [73, 66, 57, 255] 
color [107] [150, 138, 114, 255] 
color [108] [215, 199, 166, 255] 
color [109] [215, 199, 164, 255] 
color [110] [213, 193, 156, 255] 
color [111] [208, 188, 151, 255] 
color [112] [186, 163, 122, 255] 
color [113] [189, 166, 126, 255] 
color [114] [190, 168, 128, 255] 
color [115] [187, 164, 124, 255] 
color [116] [184, 160, 120, 255] 
color [117] [183, 160, 126, 255] 
color [118] [153, 138, 114, 255] 
color [119] [16, 14, 15, 255] 
color [120] [22, 20, 22, 255] 
color [121] [35, 32, 28, 255] 
color [122] [192, 171, 133, 255] 
color [123] [202, 180, 141, 255] 
color [124] [201, 181, 144, 255] 
color [125] [202, 181, 144, 255] 
color [126] [199, 177, 138, 255] 
color [127] [193, 170, 130, 255] 
color [128] [187, 166, 129, 255] 
color [129] [186, 164, 127, 255] 
color [130] [185, 164, 126, 255] 
color [131] [183, 160, 122, 255] 
color [132] [180, 157, 118, 255] 
color [133] [178, 155, 117, 255] 
color [134] [177, 154, 114, 255] 
color [135] [11, 9, 10, 255] 
color [136] [9, 8, 9, 255] 
color [137] [172, 150, 110, 255] 
color [138] [173, 150, 109, 255] 
color [139] [174, 151, 109, 255] 
color [140] [175, 151, 113, 255] 
color [141] [176, 152, 114, 255] 
color [142] [176, 153, 117, 255] 
color [143] [174, 151, 113, 255] 
color [144] [187, 167, 131, 255] 
color [145] [190, 169, 133, 255] 
color [146] [190, 171, 135, 255] 
color [147] [192, 172, 137, 255] 
color [148] [192, 173, 138, 255] 
color [149] [189, 170, 135, 255] 
color [150] [187, 167, 131, 255] 
color [151] [176, 155, 121, 255] 
color [152] [9, 8, 10, 255] 
color [153] [171, 148, 112, 255] 
color [154] [168, 145, 106, 255] 
color [155] [166, 143, 104, 255] 
color [156] [167, 145, 107, 255] 
color [157] [170, 147, 111, 255] 
color [158] [174, 153, 118, 255] 
color [159] [175, 155, 119, 255] 
color [160] [171, 151, 116, 255] 
color [161] [175, 157, 121, 255] 
color [162] [174, 155, 120, 255] 
color [163] [176, 158, 122, 255] 
color [164] [173, 154, 118, 255] 
color [165] [172, 151, 114, 255] 
color [166] [169, 148, 112, 255] 
color [167] [168, 146, 109, 255] 
color [168] [7, 6, 7, 255] 
color [169] [163, 141, 107, 255] 
color [170] [166, 144, 107, 255] 
color [171] [169, 146, 109, 255] 
color [172] [173, 154, 119, 255] 
color [173] [176, 158, 122, 255] 
color [174] [178, 160, 126, 255] 
color [175] [173, 155, 122, 255] 
color [176] [164, 143, 107, 255] 
color [177] [169, 147, 111, 255] 
color [178] [170, 148, 114, 255] 
color [179] [171, 151, 115, 255] 
color [180] [174, 153, 116, 255] 
color [181] [176, 155, 120, 255] 
color [182] [175, 154, 118, 255] 
color [183] [177, 157, 121, 255] 
color [184] [12, 8, 9, 255] 
color [185] [177, 158, 123, 255] 
color [186] [176, 156, 121, 255] 
color [187] [177, 158, 122, 255] 
color [188] [178, 159, 123, 255] 
color [189] [177, 158, 125, 255] 
color [190] [172, 153, 121, 255] 
color [191] [163, 146, 116, 255] 
color [192] [168, 148, 110, 255] 
color [193] [171, 150, 113, 255] 
color [194] [170, 148, 110, 255] 
color [195] [173, 151, 113, 255] 
color [196] [171, 149, 112, 255] 
color [197] [175, 153, 116, 255] 
color [198] [175, 155, 118, 255] 
color [199] [177, 155, 118, 255] 
color [200] [171, 151, 116, 255] 
color [201] [170, 150, 114, 255] 
color [202] [168, 147, 112, 255] 
color [203] [165, 145, 110, 255] 
color [204] [160, 140, 105, 255] 
color [205] [155, 136, 102, 255] 
color [206] [149, 131, 99, 255] 
color [207] [142, 125, 96, 255] 
color [208] [156, 133, 97, 255] 
color [209] [157, 133, 97, 255] 
color [210] [162, 138, 102, 255] 
color [211] [162, 140, 103, 255] 
color [212] [168, 146, 109, 255] 
color [213] [171, 148, 111, 255] 
color [214] [170, 148, 111, 255] 
color [215] [168, 145, 107, 255] 
color [216] [163, 142, 104, 255] 
color [217] [160, 138, 103, 255] 
color [218] [153, 133, 97, 255] 
color [219] [149, 129, 95, 255] 
color [220] [142, 123, 89, 255] 
color [221] [133, 115, 84, 255] 
color [222] [120, 103, 76, 255] 
color [223] [111, 95, 70, 255] 
color [224] [161, 140, 107, 255] 
color [225] [163, 142, 107, 255] 
color [226] [165, 145, 110, 255] 
color [227] [164, 144, 107, 255] 
color [228] [160, 140, 104, 255] 
color [229] [158, 137, 101, 255] 
color [230] [155, 135, 99, 255] 
color [231] [154, 134, 97, 255] 
color [232] [152, 134, 98, 255] 
color [233] [151, 131, 95, 255] 
color [234] [148, 129, 96, 255] 
color [235] [139, 120, 89, 255] 
color [236] [130, 113, 86, 255] 
color [237] [116, 98, 74, 255] 
color [238] [103, 88, 64, 255] 
color [239] [88, 75, 56, 255] 
color [240] [132, 114, 82, 255] 
color [241] [136, 119, 89, 255] 
color [242] [137, 118, 86, 255] 
color [243] [136, 117, 85, 255] 
color [244] [138, 117, 85, 255] 
color [245] [137, 116, 83, 255] 
color [246] [135, 115, 82, 255] 
color [247] [132, 114, 82, 255] 
color [248] [132, 113, 81, 255] 
color [249] [129, 111, 82, 255] 
color [250] [122, 104, 77, 255] 
color [251] [113, 98, 73, 255] 
color [252] [105, 92, 71, 255] 
color [253] [95, 83, 63, 255] 
color [254] [83, 72, 54, 255] 
color [255] [70, 60, 46, 255] 
