color [0] [240, 241, 242, 255] 
color [1] [242, 242, 244, 255] 
color [2] [242, 243, 244, 255] 
color [3] [242, 243, 244, 255] 
color [4] [242, 242, 244, 255] 
color [5] [242, 243, 244, 255] 
color [6] [243, 244, 245, 255] 
color [7] [243, 244, 245, 255] 
color [8] [243, 244, 245, 255] 
color [9] [243, 243, 245, 255] 
color [10] [243, 244, 245, 255] 
color [11] [243, 244, 245, 255] 
color [12] [243, 244, 244, 255] 
color [13] [243, 244, 244, 255] 
color [14] [243, 244, 245, 255] 
color [15] [243, 244, 245, 255] 
color [16] [239, 240, 241, 255] 
color [17] [2, 2, 3, 255] 
color [18] [0, 0, 0, 255] 
color [19] [0, 0, 0, 255] 
color [20] [0, 0, 0, 255] 
color [21] [0, 0, 0, 255] 
color [22] [0, 0, 0, 255] 
color [23] [0, 0, 0, 255] 
color [24] [0, 0, 0, 255] 
color [25] [0, 0, 0, 255] 
color [26] [0, 0, 0, 255] 
color [27] [0, 0, 0, 255] 
color [28] [0, 0, 0, 255] 
color [29] [0, 0, 0, 255] 
color [30] [0, 0, 0, 255] 
color [31] [242, 243, 244, 255] 
color [32] [240, 241, 242, 255] 
color [33] [0, 0, 0, 255] 
color [34] [0, 0, 0, 255] 
color [35] [0, 0, 0, 255] 
color [36] [0, 0, 0, 255] 
color [37] [0, 0, 0, 255] 
color [38] [0, 0, 0, 255] 
color [39] [0, 0, 0, 255] 
color [40] [0, 0, 0, 255] 
color [41] [0, 0, 0, 255] 
color [42] [0, 0, 0, 255] 
color [43] [0, 0, 0, 255] 
color [44] [0, 0, 0, 255] 
color [45] [0, 0, 0, 255] 
color [46] [0, 0, 0, 255] 
color [47] [242, 243, 244, 255] 
color [48] [241, 242, 243, 255] 
color [49] [0, 0, 0, 255] 
color [50] [0, 0, 0, 255] 
color [51] [0, 0, 0, 255] 
color [52] [0, 0, 0, 255] 
color [53] [96, 85, 80, 255] 
color [54] [94, 83, 80, 255] 
color [55] [95, 84, 80, 255] 
color [56] [96, 85, 81, 255] 
color [57] [96, 85, 82, 255] 
color [58] [95, 83, 79, 255] 
color [59] [0, 0, 0, 255] 
color [60] [0, 0, 0, 255] 
color [61] [0, 0, 0, 255] 
color [62] [0, 0, 0, 255] 
color [63] [242, 243, 245, 255] 
color [64] [241, 242, 244, 255] 
color [65] [0, 0, 0, 255] 
color [66] [0, 0, 0, 255] 
color [67] [0, 0, 0, 255] 
color [68] [97, 85, 81, 255] 
color [69] [96, 85, 82, 255] 
color [70] [225, 196, 123, 255] 
color [71] [226, 197, 124, 255] 
color [72] [226, 197, 122, 255] 
color [73] [95, 84, 80, 255] 
color [74] [95, 83, 79, 255] 
color [75] [93, 82, 77, 255] 
color [76] [0, 0, 0, 255] 
color [77] [0, 0, 0, 255] 
color [78] [0, 0, 0, 255] 
color [79] [243, 244, 245, 255] 
color [80] [242, 243, 244, 255] 
color [81] [0, 0, 0, 255] 
color [82] [0, 0, 0, 255] 
color [83] [142, 146, 114, 255] 
color [84] [142, 145, 113, 255] 
color [85] [99, 86, 82, 255] 
color [86] [226, 197, 124, 255] 
color [87] [227, 197, 123, 255] 
color [88] [227, 197, 122, 255] 
color [89] [93, 70, 74, 255] 
color [90] [93, 69, 73, 255] 
color [91] [140, 142, 108, 255] 
color [92] [140, 143, 109, 255] 
color [93] [0, 0, 0, 255] 
color [94] [0, 0, 0, 255] 
color [95] [243, 244, 245, 255] 
color [96] [242, 243, 245, 255] 
color [97] [0, 0, 0, 255] 
color [98] [141, 143, 110, 255] 
color [99] [142, 145, 113, 255] 
color [100] [142, 145, 112, 255] 
color [101] [142, 145, 112, 255] 
color [102] [95, 72, 77, 255] 
color [103] [227, 197, 123, 255] 
color [104] [227, 197, 123, 255] 
color [105] [93, 71, 75, 255] 
color [106] [93, 70, 75, 255] 
color [107] [141, 144, 111, 255] 
color [108] [140, 143, 110, 255] 
color [109] [140, 143, 109, 255] 
color [110] [0, 0, 0, 255] 
color [111] [244, 245, 246, 255] 
color [112] [243, 244, 245, 255] 
color [113] [0, 0, 0, 255] 
color [114] [142, 145, 112, 255] 
color [115] [142, 145, 113, 255] 
color [116] [143, 145, 112, 255] 
color [117] [142, 145, 113, 255] 
color [118] [94, 72, 78, 255] 
color [119] [222, 188, 117, 255] 
color [120] [164, 138, 88, 255] 
color [121] [94, 71, 76, 255] 
color [122] [94, 72, 76, 255] 
color [123] [141, 143, 110, 255] 
color [124] [141, 144, 111, 255] 
color [125] [141, 143, 110, 255] 
color [126] [0, 0, 0, 255] 
color [127] [245, 245, 246, 255] 
color [128] [244, 245, 246, 255] 
color [129] [0, 0, 0, 255] 
color [130] [142, 145, 111, 255] 
color [131] [142, 145, 112, 255] 
color [132] [143, 145, 112, 255] 
color [133] [141, 145, 112, 255] 
color [134] [223, 190, 120, 255] 
color [135] [222, 189, 118, 255] 
color [136] [222, 188, 118, 255] 
color [137] [93, 70, 75, 255] 
color [138] [99, 81, 81, 255] 
color [139] [141, 144, 110, 255] 
color [140] [141, 143, 110, 255] 
color [141] [141, 143, 110, 255] 
color [142] [0, 0, 0, 255] 
color [143] [245, 246, 247, 255] 
color [144] [244, 245, 246, 255] 
color [145] [0, 0, 0, 255] 
color [146] [142, 144, 110, 255] 
color [147] [142, 145, 111, 255] 
color [148] [142, 145, 112, 255] 
color [149] [139, 142, 109, 255] 
color [150] [224, 191, 121, 255] 
color [151] [224, 190, 119, 255] 
color [152] [223, 189, 118, 255] 
color [153] [93, 70, 74, 255] 
color [154] [141, 144, 112, 255] 
color [155] [142, 145, 112, 255] 
color [156] [140, 143, 110, 255] 
color [157] [140, 143, 110, 255] 
color [158] [0, 0, 0, 255] 
color [159] [246, 247, 248, 255] 
color [160] [244, 245, 246, 255] 
color [161] [0, 0, 0, 255] 
color [162] [141, 143, 109, 255] 
color [163] [142, 145, 111, 255] 
color [164] [142, 145, 112, 255] 
color [165] [142, 145, 113, 255] 
color [166] [224, 190, 119, 255] 
color [167] [223, 190, 121, 255] 
color [168] [222, 189, 118, 255] 
color [169] [93, 70, 74, 255] 
color [170] [141, 144, 111, 255] 
color [171] [141, 144, 111, 255] 
color [172] [141, 143, 110, 255] 
color [173] [140, 143, 109, 255] 
color [174] [0, 0, 0, 255] 
color [175] [246, 247, 248, 255] 
color [176] [245, 245, 246, 255] 
color [177] [0, 0, 0, 255] 
color [178] [0, 0, 0, 255] 
color [179] [142, 145, 113, 255] 
color [180] [142, 145, 112, 255] 
color [181] [143, 145, 112, 255] 
color [182] [118, 103, 90, 255] 
color [183] [94, 71, 76, 255] 
color [184] [93, 69, 73, 255] 
color [185] [140, 142, 109, 255] 
color [186] [140, 141, 108, 255] 
color [187] [140, 142, 109, 255] 
color [188] [141, 144, 111, 255] 
color [189] [0, 0, 0, 255] 
color [190] [0, 0, 0, 255] 
color [191] [247, 247, 248, 255] 
color [192] [245, 246, 247, 255] 
color [193] [0, 0, 0, 255] 
color [194] [0, 0, 0, 255] 
color [195] [0, 0, 0, 255] 
color [196] [142, 145, 111, 255] 
color [197] [142, 145, 112, 255] 
color [198] [142, 145, 113, 255] 
color [199] [141, 144, 110, 255] 
color [200] [141, 143, 109, 255] 
color [201] [142, 144, 111, 255] 
color [202] [141, 143, 110, 255] 
color [203] [141, 143, 110, 255] 
color [204] [21, 21, 17, 255] 
color [205] [0, 0, 0, 255] 
color [206] [0, 0, 0, 255] 
color [207] [247, 248, 249, 255] 
color [208] [246, 246, 247, 255] 
color [209] [0, 0, 0, 255] 
color [210] [0, 0, 0, 255] 
color [211] [0, 0, 0, 255] 
color [212] [0, 0, 0, 255] 
color [213] [142, 145, 112, 255] 
color [214] [142, 145, 114, 255] 
color [215] [142, 145, 113, 255] 
color [216] [141, 143, 109, 255] 
color [217] [141, 142, 109, 255] 
color [218] [140, 142, 109, 255] 
color [219] [0, 0, 0, 255] 
color [220] [0, 0, 0, 255] 
color [221] [0, 0, 0, 255] 
color [222] [0, 0, 0, 255] 
color [223] [248, 248, 250, 255] 
color [224] [246, 247, 248, 255] 
color [225] [0, 0, 0, 255] 
color [226] [0, 0, 0, 255] 
color [227] [0, 0, 0, 255] 
color [228] [0, 0, 0, 255] 
color [229] [0, 0, 0, 255] 
color [230] [0, 0, 0, 255] 
color [231] [0, 0, 0, 255] 
color [232] [0, 0, 0, 255] 
color [233] [0, 0, 0, 255] 
color [234] [0, 0, 0, 255] 
color [235] [0, 0, 0, 255] 
color [236] [0, 0, 0, 255] 
color [237] [0, 0, 0, 255] 
color [238] [0, 0, 0, 255] 
color [239] [249, 250, 252, 255] 
color [240] [246, 247, 248, 255] 
color [241] [246, 246, 247, 255] 
color [242] [244, 245, 246, 255] 
color [243] [244, 245, 246, 255] 
color [244] [244, 245, 246, 255] 
color [245] [244, 245, 246, 255] 
color [246] [245, 245, 246, 255] 
color [247] [245, 245, 246, 255] 
color [248] [245, 246, 247, 255] 
color [249] [245, 246, 247, 255] 
color [250] [246, 246, 247, 255] 
color [251] [246, 247, 248, 255] 
color [252] [247, 248, 249, 255] 
color [253] [248, 249, 250, 255] 
color [254] [248, 249, 251, 255] 
color [255] [250, 252, 253, 255] 
