color [0] [255, 255, 255, 255] 
color [1] [255, 255, 255, 255] 
color [2] [255, 255, 254, 255] 
color [3] [255, 255, 255, 255] 
color [4] [255, 255, 255, 255] 
color [5] [255, 255, 255, 255] 
color [6] [254, 254, 254, 255] 
color [7] [206, 225, 244, 255] 
color [8] [206, 225, 244, 255] 
color [9] [254, 254, 254, 255] 
color [10] [255, 255, 255, 255] 
color [11] [255, 255, 255, 255] 
color [12] [255, 255, 255, 255] 
color [13] [255, 255, 255, 255] 
color [14] [255, 255, 255, 255] 
color [15] [255, 255, 255, 255] 
color [16] [255, 255, 255, 255] 
color [17] [255, 255, 255, 255] 
color [18] [255, 255, 255, 255] 
color [19] [255, 255, 255, 255] 
color [20] [206, 225, 244, 255] 
color [21] [206, 225, 244, 255] 
color [22] [206, 225, 244, 255] 
color [23] [206, 225, 244, 255] 
color [24] [206, 225, 244, 255] 
color [25] [206, 225, 244, 255] 
color [26] [206, 225, 244, 255] 
color [27] [206, 225, 244, 255] 
color [28] [255, 255, 255, 255] 
color [29] [255, 255, 255, 255] 
color [30] [255, 255, 255, 255] 
color [31] [255, 255, 255, 255] 
color [32] [255, 255, 255, 255] 
color [33] [255, 255, 255, 255] 
color [34] [255, 255, 255, 255] 
color [35] [206, 225, 244, 255] 
color [36] [206, 225, 244, 255] 
color [37] [136, 137, 185, 255] 
color [38] [136, 137, 185, 255] 
color [39] [136, 137, 185, 255] 
color [40] [136, 137, 185, 255] 
color [41] [136, 137, 185, 255] 
color [42] [136, 137, 185, 255] 
color [43] [204, 223, 243, 255] 
color [44] [206, 225, 244, 255] 
color [45] [255, 255, 255, 255] 
color [46] [252, 223, 150, 255] 
color [47] [255, 255, 255, 255] 
color [48] [255, 255, 255, 255] 
color [49] [255, 255, 255, 255] 
color [50] [206, 225, 244, 255] 
color [51] [206, 225, 244, 255] 
color [52] [136, 137, 185, 255] 
color [53] [248, 202, 89, 255] 
color [54] [136, 137, 185, 255] 
color [55] [136, 137, 185, 255] 
color [56] [246, 204, 164, 255] 
color [57] [136, 137, 185, 255] 
color [58] [136, 137, 185, 255] 
color [59] [136, 137, 185, 255] 
color [60] [206, 225, 244, 255] 
color [61] [206, 225, 244, 255] 
color [62] [255, 255, 255, 255] 
color [63] [255, 255, 255, 255] 
color [64] [255, 255, 255, 255] 
color [65] [206, 225, 244, 255] 
color [66] [206, 225, 244, 255] 
color [67] [206, 225, 244, 255] 
color [68] [136, 137, 185, 255] 
color [69] [251, 205, 89, 255] 
color [70] [136, 137, 92, 255] 
color [71] [136, 137, 184, 255] 
color [72] [246, 204, 164, 255] 
color [73] [136, 137, 185, 255] 
color [74] [248, 202, 89, 255] 
color [75] [206, 225, 244, 255] 
color [76] [206, 225, 244, 255] 
color [77] [206, 225, 244, 255] 
color [78] [206, 225, 244, 255] 
color [79] [255, 255, 255, 255] 
color [80] [251, 205, 89, 255] 
color [81] [250, 205, 89, 255] 
color [82] [206, 225, 244, 255] 
color [83] [206, 225, 244, 255] 
color [84] [136, 137, 185, 255] 
color [85] [251, 205, 89, 255] 
color [86] [136, 137, 89, 255] 
color [87] [136, 137, 162, 255] 
color [88] [246, 204, 89, 255] 
color [89] [136, 136, 170, 255] 
color [90] [251, 205, 89, 255] 
color [91] [206, 225, 244, 255] 
color [92] [206, 225, 244, 255] 
color [93] [206, 225, 244, 255] 
color [94] [206, 225, 244, 255] 
color [95] [255, 255, 255, 255] 
color [96] [254, 254, 254, 255] 
color [97] [206, 225, 244, 255] 
color [98] [206, 225, 244, 255] 
color [99] [206, 225, 244, 255] 
color [100] [205, 224, 243, 255] 
color [101] [251, 205, 89, 255] 
color [102] [136, 137, 89, 255] 
color [103] [250, 204, 89, 255] 
color [104] [251, 205, 89, 255] 
color [105] [134, 135, 88, 255] 
color [106] [251, 205, 89, 255] 
color [107] [206, 225, 244, 255] 
color [108] [206, 225, 244, 255] 
color [109] [206, 225, 244, 255] 
color [110] [206, 225, 244, 255] 
color [111] [254, 254, 254, 255] 
color [112] [206, 225, 244, 255] 
color [113] [206, 225, 244, 255] 
color [114] [206, 225, 244, 255] 
color [115] [206, 225, 244, 255] 
color [116] [206, 225, 244, 255] 
color [117] [251, 205, 89, 255] 
color [118] [132, 121, 88, 255] 
color [119] [250, 204, 89, 255] 
color [120] [159, 128, 101, 255] 
color [121] [249, 203, 89, 255] 
color [122] [251, 205, 89, 255] 
color [123] [206, 225, 244, 255] 
color [124] [206, 225, 244, 255] 
color [125] [206, 225, 244, 255] 
color [126] [206, 225, 244, 255] 
color [127] [206, 225, 244, 255] 
color [128] [206, 225, 244, 255] 
color [129] [206, 225, 244, 255] 
color [130] [206, 225, 244, 255] 
color [131] [206, 225, 244, 255] 
color [132] [206, 225, 244, 255] 
color [133] [251, 205, 89, 255] 
color [134] [248, 202, 88, 255] 
color [135] [251, 205, 89, 255] 
color [136] [251, 205, 89, 255] 
color [137] [251, 205, 89, 255] 
color [138] [118, 104, 82, 255] 
color [139] [206, 206, 92, 255] 
color [140] [206, 225, 244, 255] 
color [141] [206, 225, 244, 255] 
color [142] [206, 225, 244, 255] 
color [143] [206, 225, 244, 255] 
color [144] [254, 254, 254, 255] 
color [145] [206, 225, 244, 255] 
color [146] [206, 225, 244, 255] 
color [147] [206, 225, 244, 255] 
color [148] [207, 205, 89, 255] 
color [149] [197, 156, 74, 255] 
color [150] [251, 205, 89, 255] 
color [151] [251, 205, 89, 255] 
color [152] [251, 205, 89, 255] 
color [153] [251, 205, 89, 255] 
color [154] [238, 194, 85, 255] 
color [155] [250, 205, 89, 255] 
color [156] [206, 225, 244, 255] 
color [157] [206, 225, 244, 255] 
color [158] [206, 225, 244, 255] 
color [159] [254, 254, 254, 255] 
color [160] [255, 255, 255, 255] 
color [161] [206, 225, 244, 255] 
color [162] [206, 225, 244, 255] 
color [163] [206, 225, 244, 255] 
color [164] [250, 205, 89, 255] 
color [165] [146, 110, 61, 255] 
color [166] [253, 253, 252, 255] 
color [167] [251, 205, 89, 255] 
color [168] [251, 205, 89, 255] 
color [169] [254, 253, 253, 255] 
color [170] [251, 205, 89, 255] 
color [171] [249, 204, 88, 255] 
color [172] [206, 225, 244, 255] 
color [173] [206, 225, 244, 255] 
color [174] [206, 225, 244, 255] 
color [175] [255, 255, 255, 255] 
color [176] [255, 255, 255, 255] 
color [177] [206, 225, 244, 255] 
color [178] [206, 225, 244, 255] 
color [179] [206, 225, 244, 255] 
color [180] [245, 205, 89, 255] 
color [181] [119, 98, 68, 255] 
color [182] [251, 205, 89, 255] 
color [183] [251, 205, 89, 255] 
color [184] [251, 205, 89, 255] 
color [185] [251, 205, 89, 255] 
color [186] [251, 205, 89, 255] 
color [187] [206, 204, 88, 255] 
color [188] [206, 225, 244, 255] 
color [189] [206, 225, 244, 255] 
color [190] [206, 225, 244, 255] 
color [191] [255, 255, 255, 255] 
color [192] [140, 174, 214, 255] 
color [193] [255, 255, 255, 255] 
color [194] [206, 225, 244, 255] 
color [195] [206, 225, 244, 255] 
color [196] [206, 225, 244, 255] 
color [197] [205, 222, 241, 255] 
color [198] [251, 205, 89, 255] 
color [199] [251, 205, 89, 255] 
color [200] [251, 205, 89, 255] 
color [201] [251, 205, 89, 255] 
color [202] [206, 205, 89, 255] 
color [203] [206, 225, 244, 255] 
color [204] [206, 225, 244, 255] 
color [205] [206, 225, 244, 255] 
color [206] [255, 255, 255, 255] 
color [207] [255, 255, 255, 255] 
color [208] [255, 255, 255, 255] 
color [209] [255, 255, 255, 255] 
color [210] [255, 255, 255, 255] 
color [211] [206, 225, 244, 255] 
color [212] [206, 225, 244, 255] 
color [213] [206, 225, 244, 255] 
color [214] [206, 205, 92, 255] 
color [215] [250, 204, 88, 255] 
color [216] [250, 204, 88, 255] 
color [217] [206, 205, 89, 255] 
color [218] [206, 225, 244, 255] 
color [219] [206, 225, 244, 255] 
color [220] [206, 225, 244, 255] 
color [221] [255, 255, 255, 255] 
color [222] [255, 255, 255, 255] 
color [223] [128, 165, 209, 255] 
color [224] [255, 255, 255, 255] 
color [225] [255, 255, 255, 255] 
color [226] [255, 255, 255, 255] 
color [227] [255, 255, 255, 255] 
color [228] [206, 225, 244, 255] 
color [229] [206, 225, 244, 255] 
color [230] [206, 225, 244, 255] 
color [231] [206, 225, 244, 255] 
color [232] [206, 225, 244, 255] 
color [233] [206, 225, 244, 255] 
color [234] [206, 225, 244, 255] 
color [235] [206, 225, 244, 255] 
color [236] [255, 255, 255, 255] 
color [237] [255, 255, 255, 255] 
color [238] [243, 201, 71, 255] 
color [239] [255, 255, 255, 255] 
color [240] [255, 255, 255, 255] 
color [241] [255, 255, 255, 255] 
color [242] [255, 255, 255, 255] 
color [243] [255, 255, 255, 255] 
color [244] [255, 255, 255, 255] 
color [245] [255, 255, 255, 255] 
color [246] [254, 254, 254, 255] 
color [247] [206, 225, 244, 255] 
color [248] [206, 225, 244, 255] 
color [249] [254, 254, 254, 255] 
color [250] [255, 255, 255, 255] 
color [251] [255, 255, 255, 255] 
color [252] [255, 255, 255, 255] 
color [253] [255, 255, 255, 255] 
color [254] [241, 188, 25, 255] 
color [255] [254, 253, 250, 255] 
