color [0] [0, 0, 0, 255] 
color [1] [0, 0, 0, 255] 
color [2] [0, 0, 0, 255] 
color [3] [0, 0, 0, 255] 
color [4] [0, 0, 0, 255] 
color [5] [0, 0, 0, 255] 
color [6] [0, 0, 0, 255] 
color [7] [0, 0, 0, 255] 
color [8] [0, 0, 0, 255] 
color [9] [0, 0, 0, 255] 
color [10] [0, 0, 0, 255] 
color [11] [0, 0, 0, 255] 
color [12] [0, 0, 0, 255] 
color [13] [0, 0, 0, 255] 
color [14] [0, 0, 0, 255] 
color [15] [0, 0, 0, 255] 
color [16] [0, 0, 0, 255] 
color [17] [0, 0, 0, 255] 
color [18] [0, 0, 0, 255] 
color [19] [0, 0, 0, 255] 
color [20] [0, 0, 0, 255] 
color [21] [0, 0, 0, 255] 
color [22] [0, 0, 0, 255] 
color [23] [0, 0, 0, 255] 
color [24] [0, 0, 0, 255] 
color [25] [0, 0, 0, 255] 
color [26] [0, 0, 0, 255] 
color [27] [0, 0, 0, 255] 
color [28] [0, 0, 0, 255] 
color [29] [0, 0, 0, 255] 
color [30] [0, 0, 0, 255] 
color [31] [0, 0, 0, 255] 
color [32] [0, 0, 0, 255] 
color [33] [0, 0, 0, 255] 
color [34] [0, 0, 0, 255] 
color [35] [0, 0, 0, 255] 
color [36] [0, 0, 0, 255] 
color [37] [0, 0, 0, 255] 
color [38] [0, 0, 0, 255] 
color [39] [0, 0, 0, 255] 
color [40] [0, 0, 0, 255] 
color [41] [0, 0, 0, 255] 
color [42] [0, 0, 0, 255] 
color [43] [0, 0, 0, 255] 
color [44] [0, 0, 0, 255] 
color [45] [0, 0, 0, 255] 
color [46] [0, 0, 0, 255] 
color [47] [0, 0, 0, 255] 
color [48] [0, 0, 0, 255] 
color [49] [0, 0, 0, 255] 
color [50] [0, 0, 0, 255] 
color [51] [0, 0, 0, 255] 
color [52] [0, 0, 0, 255] 
color [53] [0, 0, 0, 255] 
color [54] [0, 0, 0, 255] 
color [55] [0, 0, 0, 255] 
color [56] [231, 0, 31, 255] 
color [57] [232, 0, 31, 255] 
color [58] [233, 0, 31, 255] 
color [59] [234, 0, 32, 255] 
color [60] [231, 0, 31, 255] 
color [61] [0, 0, 0, 255] 
color [62] [0, 0, 0, 255] 
color [63] [0, 0, 0, 255] 
color [64] [0, 0, 0, 255] 
color [65] [0, 0, 0, 255] 
color [66] [0, 0, 0, 255] 
color [67] [0, 0, 0, 255] 
color [68] [0, 0, 0, 255] 
color [69] [0, 0, 0, 255] 
color [70] [233, 0, 31, 255] 
color [71] [233, 0, 31, 255] 
color [72] [234, 0, 32, 255] 
color [73] [234, 0, 32, 255] 
color [74] [234, 0, 32, 255] 
color [75] [234, 0, 32, 255] 
color [76] [234, 0, 32, 255] 
color [77] [233, 0, 31, 255] 
color [78] [0, 0, 0, 255] 
color [79] [0, 0, 0, 255] 
color [80] [0, 0, 0, 255] 
color [81] [0, 0, 0, 255] 
color [82] [234, 0, 32, 255] 
color [83] [234, 0, 32, 255] 
color [84] [234, 0, 32, 255] 
color [85] [234, 0, 32, 255] 
color [86] [234, 0, 32, 255] 
color [87] [234, 0, 32, 255] 
color [88] [234, 0, 32, 255] 
color [89] [232, 0, 32, 255] 
color [90] [33, 81, 216, 255] 
color [91] [33, 81, 216, 255] 
color [92] [33, 81, 216, 255] 
color [93] [33, 81, 216, 255] 
color [94] [0, 0, 0, 255] 
color [95] [0, 0, 0, 255] 
color [96] [0, 0, 0, 255] 
color [97] [4, 0, 11, 255] 
color [98] [233, 0, 32, 255] 
color [99] [234, 0, 32, 255] 
color [100] [234, 0, 32, 255] 
color [101] [140, 29, 97, 255] 
color [102] [33, 81, 216, 255] 
color [103] [33, 81, 216, 255] 
color [104] [33, 81, 216, 255] 
color [105] [33, 81, 216, 255] 
color [106] [33, 81, 216, 255] 
color [107] [33, 81, 216, 255] 
color [108] [33, 81, 216, 255] 
color [109] [33, 81, 216, 255] 
color [110] [33, 81, 216, 255] 
color [111] [0, 0, 0, 255] 
color [112] [0, 0, 0, 255] 
color [113] [33, 81, 216, 255] 
color [114] [33, 81, 216, 255] 
color [115] [33, 81, 216, 255] 
color [116] [33, 81, 216, 255] 
color [117] [33, 81, 216, 255] 
color [118] [33, 81, 216, 255] 
color [119] [33, 81, 216, 255] 
color [120] [33, 81, 216, 255] 
color [121] [33, 81, 216, 255] 
color [122] [33, 81, 216, 255] 
color [123] [33, 81, 216, 255] 
color [124] [33, 81, 216, 255] 
color [125] [33, 81, 216, 255] 
color [126] [33, 81, 216, 255] 
color [127] [0, 0, 0, 255] 
color [128] [0, 0, 0, 255] 
color [129] [33, 81, 216, 255] 
color [130] [33, 81, 216, 255] 
color [131] [33, 81, 216, 255] 
color [132] [36, 81, 216, 255] 
color [133] [33, 81, 216, 255] 
color [134] [33, 81, 216, 255] 
color [135] [33, 81, 216, 255] 
color [136] [33, 81, 216, 255] 
color [137] [33, 81, 216, 255] 
color [138] [34, 82, 216, 255] 
color [139] [255, 255, 255, 255] 
color [140] [255, 255, 255, 255] 
color [141] [255, 255, 255, 255] 
color [142] [255, 255, 255, 255] 
color [143] [0, 0, 0, 255] 
color [144] [0, 0, 0, 255] 
color [145] [33, 81, 216, 255] 
color [146] [33, 81, 216, 255] 
color [147] [87, 81, 216, 255] 
color [148] [255, 255, 255, 255] 
color [149] [36, 81, 216, 255] 
color [150] [33, 81, 216, 255] 
color [151] [255, 255, 255, 255] 
color [152] [255, 255, 255, 255] 
color [153] [255, 255, 255, 255] 
color [154] [255, 255, 255, 255] 
color [155] [255, 255, 255, 255] 
color [156] [255, 255, 255, 255] 
color [157] [255, 255, 255, 255] 
color [158] [255, 255, 255, 255] 
color [159] [0, 0, 0, 255] 
color [160] [0, 0, 0, 255] 
color [161] [255, 255, 254, 255] 
color [162] [255, 255, 255, 255] 
color [163] [33, 81, 216, 255] 
color [164] [33, 81, 216, 255] 
color [165] [84, 81, 216, 255] 
color [166] [255, 255, 255, 255] 
color [167] [255, 255, 255, 255] 
color [168] [255, 255, 255, 255] 
color [169] [255, 255, 255, 255] 
color [170] [237, 237, 237, 255] 
color [171] [0, 0, 0, 255] 
color [172] [0, 0, 0, 255] 
color [173] [1, 1, 1, 255] 
color [174] [157, 157, 157, 255] 
color [175] [0, 0, 0, 255] 
color [176] [0, 0, 0, 255] 
color [177] [254, 254, 254, 255] 
color [178] [255, 255, 255, 255] 
color [179] [33, 81, 216, 255] 
color [180] [33, 81, 216, 255] 
color [181] [255, 255, 255, 255] 
color [182] [255, 255, 255, 255] 
color [183] [255, 255, 255, 255] 
color [184] [116, 116, 116, 255] 
color [185] [0, 0, 0, 255] 
color [186] [0, 0, 0, 255] 
color [187] [0, 0, 0, 255] 
color [188] [0, 0, 0, 255] 
color [189] [0, 0, 0, 255] 
color [190] [0, 0, 0, 255] 
color [191] [0, 0, 0, 255] 
color [192] [0, 0, 0, 255] 
color [193] [0, 0, 0, 255] 
color [194] [254, 254, 254, 255] 
color [195] [255, 255, 255, 255] 
color [196] [255, 255, 255, 255] 
color [197] [255, 255, 255, 255] 
color [198] [147, 147, 147, 255] 
color [199] [0, 0, 0, 255] 
color [200] [0, 0, 0, 255] 
color [201] [0, 0, 0, 255] 
color [202] [0, 0, 0, 255] 
color [203] [0, 0, 0, 255] 
color [204] [0, 0, 0, 255] 
color [205] [0, 0, 0, 255] 
color [206] [0, 0, 0, 255] 
color [207] [0, 0, 0, 255] 
color [208] [0, 0, 0, 255] 
color [209] [0, 0, 0, 255] 
color [210] [0, 0, 0, 255] 
color [211] [0, 0, 0, 255] 
color [212] [0, 0, 0, 255] 
color [213] [0, 0, 0, 255] 
color [214] [0, 0, 0, 255] 
color [215] [0, 0, 0, 255] 
color [216] [0, 0, 0, 255] 
color [217] [0, 0, 0, 255] 
color [218] [0, 0, 0, 255] 
color [219] [0, 0, 0, 255] 
color [220] [0, 0, 0, 255] 
color [221] [0, 0, 0, 255] 
color [222] [0, 0, 0, 255] 
color [223] [0, 0, 0, 255] 
color [224] [0, 0, 0, 255] 
color [225] [0, 0, 0, 255] 
color [226] [0, 0, 0, 255] 
color [227] [0, 0, 0, 255] 
color [228] [0, 0, 0, 255] 
color [229] [0, 0, 0, 255] 
color [230] [0, 0, 0, 255] 
color [231] [0, 0, 0, 255] 
color [232] [0, 0, 0, 255] 
color [233] [0, 0, 0, 255] 
color [234] [0, 0, 0, 255] 
color [235] [0, 0, 0, 255] 
color [236] [0, 0, 0, 255] 
color [237] [0, 0, 0, 255] 
color [238] [0, 0, 0, 255] 
color [239] [0, 0, 0, 255] 
color [240] [0, 0, 0, 255] 
color [241] [0, 0, 0, 255] 
color [242] [0, 0, 0, 255] 
color [243] [0, 0, 0, 255] 
color [244] [0, 0, 0, 255] 
color [245] [0, 0, 0, 255] 
color [246] [0, 0, 0, 255] 
color [247] [0, 0, 0, 255] 
color [248] [0, 0, 0, 255] 
color [249] [0, 0, 0, 255] 
color [250] [0, 0, 0, 255] 
color [251] [0, 0, 0, 255] 
color [252] [0, 0, 0, 255] 
color [253] [0, 0, 0, 255] 
color [254] [0, 0, 0, 255] 
color [255] [0, 0, 0, 255] 
