color [0] [121, 44, 28, 255] 
color [1] [83, 14, 6, 255] 
color [2] [111, 25, 12, 255] 
color [3] [91, 5, 3, 255] 
color [4] [81, 2, 1, 255] 
color [5] [90, 3, 2, 255] 
color [6] [118, 31, 18, 255] 
color [7] [97, 7, 2, 255] 
color [8] [135, 71, 53, 255] 
color [9] [51, 115, 68, 255] 
color [10] [55, 115, 69, 255] 
color [11] [55, 112, 68, 255] 
color [12] [55, 106, 65, 255] 
color [13] [55, 97, 63, 255] 
color [14] [37, 81, 50, 255] 
color [15] [29, 70, 41, 255] 
color [16] [117, 41, 23, 255] 
color [17] [88, 13, 6, 255] 
color [18] [5, 8, 4, 255] 
color [19] [72, 1, 1, 255] 
color [20] [96, 4, 2, 255] 
color [21] [89, 1, 1, 255] 
color [22] [95, 3, 2, 255] 
color [23] [94, 2, 2, 255] 
color [24] [106, 20, 19, 255] 
color [25] [55, 126, 74, 255] 
color [26] [56, 123, 73, 255] 
color [27] [56, 118, 71, 255] 
color [28] [57, 115, 71, 255] 
color [29] [48, 105, 65, 255] 
color [30] [32, 84, 48, 255] 
color [31] [25, 70, 37, 255] 
color [32] [108, 30, 14, 255] 
color [33] [2, 59, 18, 255] 
color [34] [55, 4, 4, 255] 
color [35] [85, 3, 3, 255] 
color [36] [51, 1, 1, 255] 
color [37] [112, 16, 8, 255] 
color [38] [116, 17, 9, 255] 
color [39] [104, 3, 1, 255] 
color [40] [77, 1, 1, 255] 
color [41] [77, 26, 22, 255] 
color [42] [39, 100, 59, 255] 
color [43] [36, 94, 55, 255] 
color [44] [36, 94, 56, 255] 
color [45] [32, 88, 52, 255] 
color [46] [22, 66, 37, 255] 
color [47] [16, 50, 27, 255] 
color [48] [86, 14, 5, 255] 
color [49] [75, 17, 5, 255] 
color [50] [118, 21, 8, 255] 
color [51] [108, 14, 6, 255] 
color [52] [105, 8, 4, 255] 
color [53] [113, 21, 13, 255] 
color [54] [45, 1, 2, 255] 
color [55] [65, 1, 0, 255] 
color [56] [72, 1, 1, 255] 
color [57] [75, 18, 10, 255] 
color [58] [25, 64, 39, 255] 
color [59] [18, 49, 30, 255] 
color [60] [18, 46, 29, 255] 
color [61] [21, 50, 32, 255] 
color [62] [18, 41, 27, 255] 
color [63] [16, 37, 24, 255] 
color [64] [118, 26, 9, 255] 
color [65] [124, 33, 17, 255] 
color [66] [119, 29, 19, 255] 
color [67] [111, 20, 8, 255] 
color [68] [108, 40, 26, 255] 
color [69] [134, 82, 58, 255] 
color [70] [163, 118, 93, 255] 
color [71] [73, 2, 1, 255] 
color [72] [82, 1, 0, 255] 
color [73] [99, 11, 7, 255] 
color [74] [23, 54, 34, 255] 
color [75] [15, 39, 24, 255] 
color [76] [13, 30, 20, 255] 
color [77] [21, 40, 28, 255] 
color [78] [23, 42, 30, 255] 
color [79] [18, 38, 26, 255] 
color [80] [122, 33, 14, 255] 
color [81] [128, 41, 26, 255] 
color [82] [131, 42, 27, 255] 
color [83] [131, 42, 28, 255] 
color [84] [118, 64, 40, 255] 
color [85] [145, 93, 72, 255] 
color [86] [180, 122, 101, 255] 
color [87] [108, 71, 60, 255] 
color [88] [77, 1, 1, 255] 
color [89] [94, 5, 2, 255] 
color [90] [23, 53, 32, 255] 
color [91] [21, 51, 32, 255] 
color [92] [23, 46, 34, 255] 
color [93] [31, 56, 44, 255] 
color [94] [31, 54, 42, 255] 
color [95] [19, 36, 28, 255] 
color [96] [73, 11, 3, 255] 
color [97] [9, 1, 1, 255] 
color [98] [0, 0, 0, 255] 
color [99] [91, 32, 13, 255] 
color [100] [147, 94, 70, 255] 
color [101] [165, 113, 89, 255] 
color [102] [207, 146, 117, 255] 
color [103] [214, 155, 122, 255] 
color [104] [42, 2, 1, 255] 
color [105] [96, 6, 3, 255] 
color [106] [22, 54, 33, 255] 
color [107] [24, 55, 34, 255] 
color [108] [26, 55, 38, 255] 
color [109] [28, 54, 40, 255] 
color [110] [25, 44, 35, 255] 
color [111] [16, 30, 23, 255] 
color [112] [20, 1, 0, 255] 
color [113] [1, 1, 1, 255] 
color [114] [0, 0, 0, 255] 
color [115] [105, 44, 22, 255] 
color [116] [178, 118, 94, 255] 
color [117] [177, 124, 100, 255] 
color [118] [163, 103, 74, 255] 
color [119] [218, 160, 128, 255] 
color [120] [140, 98, 80, 255] 
color [121] [85, 3, 2, 255] 
color [122] [23, 53, 33, 255] 
color [123] [20, 47, 29, 255] 
color [124] [23, 50, 30, 255] 
color [125] [25, 55, 37, 255] 
color [126] [25, 49, 36, 255] 
color [127] [20, 39, 29, 255] 
color [128] [16, 1, 0, 255] 
color [129] [0, 1, 0, 255] 
color [130] [18, 3, 2, 255] 
color [131] [125, 68, 40, 255] 
color [132] [140, 93, 73, 255] 
color [133] [161, 115, 96, 255] 
color [134] [151, 97, 68, 255] 
color [135] [159, 117, 98, 255] 
color [136] [80, 38, 26, 255] 
color [137] [72, 2, 2, 255] 
color [138] [20, 43, 28, 255] 
color [139] [17, 37, 24, 255] 
color [140] [17, 36, 21, 255] 
color [141] [20, 45, 28, 255] 
color [142] [23, 53, 35, 255] 
color [143] [23, 47, 32, 255] 
color [144] [52, 1, 1, 255] 
color [145] [10, 2, 1, 255] 
color [146] [17, 4, 3, 255] 
color [147] [82, 30, 12, 255] 
color [148] [104, 52, 32, 255] 
color [149] [120, 82, 65, 255] 
color [150] [195, 144, 112, 255] 
color [151] [215, 161, 125, 255] 
color [152] [64, 28, 15, 255] 
color [153] [104, 27, 8, 255] 
color [154] [21, 44, 29, 255] 
color [155] [19, 39, 27, 255] 
color [156] [15, 34, 21, 255] 
color [157] [14, 33, 19, 255] 
color [158] [19, 43, 27, 255] 
color [159] [23, 49, 31, 255] 
color [160] [45, 18, 7, 255] 
color [161] [1, 0, 0, 255] 
color [162] [18, 4, 3, 255] 
color [163] [34, 13, 6, 255] 
color [164] [80, 36, 21, 255] 
color [165] [139, 90, 65, 255] 
color [166] [179, 128, 102, 255] 
color [167] [152, 103, 78, 255] 
color [168] [45, 21, 17, 255] 
color [169] [146, 77, 45, 255] 
color [170] [26, 51, 37, 255] 
color [171] [24, 47, 34, 255] 
color [172] [16, 38, 25, 255] 
color [173] [17, 41, 23, 255] 
color [174] [26, 63, 39, 255] 
color [175] [35, 80, 51, 255] 
color [176] [15, 68, 36, 255] 
color [177] [14, 0, 1, 255] 
color [178] [12, 4, 2, 255] 
color [179] [6, 1, 1, 255] 
color [180] [25, 8, 5, 255] 
color [181] [41, 17, 14, 255] 
color [182] [67, 38, 33, 255] 
color [183] [14, 5, 4, 255] 
color [184] [66, 33, 24, 255] 
color [185] [149, 98, 61, 255] 
color [186] [28, 60, 41, 255] 
color [187] [25, 49, 36, 255] 
color [188] [23, 46, 33, 255] 
color [189] [28, 68, 42, 255] 
color [190] [45, 115, 71, 255] 
color [191] [53, 123, 79, 255] 
color [192] [13, 56, 33, 255] 
color [193] [27, 55, 34, 255] 
color [194] [3, 1, 1, 255] 
color [195] [0, 0, 0, 255] 
color [196] [7, 2, 1, 255] 
color [197] [18, 5, 3, 255] 
color [198] [23, 9, 7, 255] 
color [199] [0, 0, 0, 255] 
color [200] [162, 84, 49, 255] 
color [201] [48, 117, 75, 255] 
color [202] [29, 64, 41, 255] 
color [203] [22, 42, 30, 255] 
color [204] [25, 47, 34, 255] 
color [205] [38, 90, 57, 255] 
color [206] [64, 150, 97, 255] 
color [207] [64, 134, 90, 255] 
color [208] [16, 65, 36, 255] 
color [209] [40, 105, 64, 255] 
color [210] [90, 3, 2, 255] 
color [211] [59, 1, 1, 255] 
color [212] [1, 0, 0, 255] 
color [213] [21, 5, 3, 255] 
color [214] [2, 0, 1, 255] 
color [215] [142, 61, 25, 255] 
color [216] [164, 95, 51, 255] 
color [217] [51, 120, 79, 255] 
color [218] [33, 64, 43, 255] 
color [219] [25, 45, 31, 255] 
color [220] [30, 59, 43, 255] 
color [221] [47, 96, 67, 255] 
color [222] [65, 126, 88, 255] 
color [223] [60, 108, 79, 255] 
color [224] [19, 69, 35, 255] 
color [225] [25, 70, 43, 255] 
color [226] [19, 42, 27, 255] 
color [227] [93, 7, 2, 255] 
color [228] [104, 15, 2, 255] 
color [229] [120, 30, 5, 255] 
color [230] [134, 49, 10, 255] 
color [231] [139, 68, 38, 255] 
color [232] [45, 92, 62, 255] 
color [233] [46, 92, 63, 255] 
color [234] [32, 60, 42, 255] 
color [235] [27, 50, 34, 255] 
color [236] [29, 58, 42, 255] 
color [237] [45, 90, 65, 255] 
color [238] [53, 104, 73, 255] 
color [239] [47, 94, 66, 255] 
color [240] [7, 23, 13, 255] 
color [241] [11, 37, 25, 255] 
color [242] [10, 33, 20, 255] 
color [243] [9, 24, 12, 255] 
color [244] [10, 23, 10, 255] 
color [245] [16, 36, 21, 255] 
color [246] [12, 24, 16, 255] 
color [247] [24, 47, 31, 255] 
color [248] [37, 82, 53, 255] 
color [249] [38, 79, 53, 255] 
color [250] [29, 58, 40, 255] 
color [251] [25, 48, 34, 255] 
color [252] [26, 55, 40, 255] 
color [253] [33, 70, 51, 255] 
color [254] [45, 91, 66, 255] 
color [255] [39, 86, 61, 255] 
